# Simple Voice Chat volume config

9b75cb01-ddde-4e0e-a682-72944ee28875=2.318840579710144
c87f20bc-02be-3fd3-b756-341aa1569e18=2.492753623188405
e23a4a8c-e2db-3940-8ada-d2904bf902f7=2.492753623188405
f41137f4-816b-37e4-9da8-1f99d468505a=2.0
